controlBits: 3
totalSize: 11
count: 100
01111011001 1
00011100001 1
01101000000 0
11111001011 1
11100011101 1
01001001100 0
00010101000 1
10011111001 1
01011101110 1
01101100010 0
01100000110 0
11000100011 1
01011010101 0
10111000111 1
00000011010 0
10100110110 1
00111110010 1
00010001000 1
01010110010 1
11000010110 1
11010111100 0
11001110010 1
00011100011 1
10010000100 0
01001010011 0
01111000010 0
01111000010 0
01000010010 0
11111110101 1
00101110001 1
01000100111 1
01001101100 1
11100001011 1
10100101010 0
10010101001 1
00011100111 1
11001000101 0
11100111101 1
00010111011 1
01010101100 1
01101010100 1
01100111000 1
10101101110 1
10011100101 0
10100100001 0
00110100110 0
00111001000 1
01010000010 0
10110111011 0
00110110101 0
01010111101 1
01101000000 0
01111011001 1
01010101010 1
00001010000 0
00010001110 1
11101011110 0
01100000110 0
11110111110 0
00001000111 0
00101010111 1
10110010011 0
11000110011 1
10100011010 0
11111011010 0
01110011011 1
10010111101 1
11101000001 1
11111111011 1
10110100101 1
01000000110 0
00101111111 1
01010111100 1
01100011010 1
11000011111 1
00001111101 0
11001010011 1
01100111111 1
11110111010 0
11010111000 0
11001111100 0
11000001101 0
01001101010 1
10100111001 0
00110001111 0
01100100000 0
00110011001 0
01011001011 0
01101000110 0
00011011101 1
01111011001 1
00000101000 0
11111000011 1
11011110001 0
00001001011 0
00001100010 0
11111110111 1
00100010011 0
00010001000 1
00110101011 0
